Date,Open,High,Low,Close,Adj Close,Volume
2020-06-12,136.100006,141.410004,134.339996,141.250000,141.250000,501900
2020-06-15,137.699997,144.149994,135.949997,143.580002,143.580002,514500
2020-06-16,147.000000,148.869995,142.850006,144.570007,144.570007,477100
2020-06-17,145.080002,148.660004,143.710007,145.179993,145.179993,324600
2020-06-18,145.149994,146.940002,143.054993,145.490005,145.490005,265100
2020-06-19,148.070007,149.000000,142.179993,143.759995,143.759995,573500
2020-06-22,143.710007,146.639999,142.544998,144.350006,144.350006,389000
2020-06-23,144.699997,152.166000,143.570007,148.559998,148.559998,417000
2020-06-24,147.479996,150.330002,143.660004,145.360001,145.360001,348000
2020-06-25,145.490005,149.550003,144.039993,148.610001,148.610001,573100
2020-06-26,148.589996,149.119995,138.677002,141.199997,141.199997,2919000
2020-06-29,141.199997,147.080002,137.970001,146.899994,146.899994,462700
2020-06-30,147.000000,150.279999,145.850006,149.850006,149.850006,270700
2020-07-01,149.419998,153.050003,147.589996,152.490005,152.490005,330400
2020-07-02,154.990005,156.119995,152.190002,154.039993,154.039993,481100
2020-07-06,157.214996,161.169998,155.259995,155.619995,155.619995,788700
2020-07-07,154.949997,157.690002,154.039993,156.000000,156.000000,312400
2020-07-08,157.600006,161.080002,157.119995,160.740005,160.740005,422000
2020-07-09,161.679993,167.009995,157.970001,166.089996,166.089996,536500
2020-07-10,166.169998,166.285004,161.660004,164.949997,164.949997,206700
2020-07-13,167.520004,168.304001,154.889999,155.250000,155.250000,387000
2020-07-14,153.449997,157.365005,148.740005,156.830002,156.830002,473500
2020-07-15,158.639999,159.929993,155.809998,158.449997,158.449997,398700
2020-07-16,156.770004,160.000000,155.559998,158.880005,158.880005,225800
2020-07-17,160.369995,163.384995,157.169998,162.600006,162.600006,202900
2020-07-20,163.169998,170.520004,163.169998,169.979996,169.979996,238400
2020-07-21,171.009995,171.009995,166.033005,167.360001,167.360001,196900
2020-07-22,167.649994,170.449997,167.330002,170.169998,170.169998,185900
2020-07-23,169.619995,173.639999,164.470001,166.179993,166.179993,242200
2020-07-24,163.979996,166.770004,158.690002,164.690002,164.690002,293300
2020-07-27,165.229996,173.289993,165.229996,170.190002,170.190002,215000
2020-07-28,169.000000,170.416000,165.550003,165.720001,165.720001,170800
2020-07-29,167.949997,178.046997,166.968002,176.679993,176.679993,331400
2020-07-30,173.460007,174.289993,168.164001,173.449997,173.449997,322200
2020-07-31,175.770004,178.740005,169.470001,172.940002,172.940002,188200
2020-08-03,176.059998,180.550003,174.009995,179.869995,179.869995,231600
2020-08-04,180.000000,181.940002,175.740005,180.850006,180.850006,269100
2020-08-05,180.850006,185.759995,180.020004,184.080002,184.080002,266300
2020-08-06,182.929993,185.565002,180.490005,184.139999,184.139999,235000
2020-08-07,184.000000,184.520004,177.250000,178.880005,178.880005,275400
2020-08-10,179.220001,179.557007,171.289993,175.779999,175.779999,344000
2020-08-11,174.490005,175.779999,171.199997,172.580002,172.580002,195000
2020-08-12,173.520004,177.179993,172.339996,174.339996,174.339996,241600
2020-08-13,176.080002,184.419998,176.080002,180.720001,180.720001,337300
2020-08-14,183.570007,183.570007,172.020004,174.869995,174.869995,344000
2020-08-17,177.169998,179.358002,175.779999,177.020004,177.020004,167000
2020-08-18,178.070007,178.184998,174.139999,175.589996,175.589996,167100
2020-08-19,176.000000,176.000000,171.195007,172.029999,172.029999,348000
2020-08-20,171.110001,177.869995,171.110001,175.800003,175.800003,205500
2020-08-21,176.009995,177.580002,172.029999,173.789993,173.789993,182700
2020-08-24,176.320007,177.470001,173.130005,173.679993,173.679993,158600
2020-08-25,173.419998,177.070007,173.042999,175.750000,175.750000,182100
2020-08-26,177.570007,180.770004,176.490005,178.919998,178.919998,186900
2020-08-27,179.720001,179.720001,174.479996,177.000000,177.000000,201800
2020-08-28,178.809998,179.399994,174.970001,176.250000,176.250000,203100
2020-08-31,177.029999,179.690002,176.270004,177.580002,177.580002,284800
2020-09-01,179.240005,185.964005,178.669998,184.720001,184.720001,350400
2020-09-02,187.500000,189.339996,182.000000,188.570007,188.570007,285000
2020-09-03,184.580002,185.139999,171.080002,171.660004,171.660004,401900
2020-09-04,171.339996,172.645004,157.029999,170.000000,170.000000,449600
2020-09-08,161.570007,170.389999,161.070007,165.669998,165.669998,174600
2020-09-09,170.449997,175.694000,165.770004,173.630005,173.630005,287900
2020-09-10,175.919998,179.539993,172.610001,173.639999,173.639999,256400
2020-09-11,175.759995,175.759995,169.789993,172.660004,172.660004,207100
2020-09-14,175.889999,179.399994,173.259995,173.740005,173.740005,221100
2020-09-15,176.729996,178.410004,173.800003,176.750000,176.750000,150100
2020-09-16,177.250000,179.250000,176.669998,178.029999,178.029999,249900
2020-09-17,173.399994,175.940002,171.309998,174.839996,174.839996,245500
2020-09-18,176.289993,180.509995,174.160004,177.899994,177.899994,349900
2020-09-21,176.550003,180.718002,173.350006,180.500000,180.500000,160900
2020-09-22,181.600006,181.600006,174.199997,179.100006,179.100006,261200
2020-09-23,178.440002,179.250000,173.039993,173.779999,173.779999,167900
2020-09-24,170.949997,172.705002,165.500000,171.619995,171.619995,209400
2020-09-25,170.440002,176.089996,170.024994,174.320007,174.320007,155600
2020-09-28,178.410004,181.550003,177.000000,181.020004,181.020004,144500
2020-09-29,181.820007,182.979996,177.399994,178.770004,178.770004,128200
2020-09-30,180.479996,184.550003,178.449997,179.220001,179.220001,211100
2020-10-01,182.270004,184.690002,180.440002,184.440002,184.440002,186100
2020-10-02,179.559998,184.645004,179.000000,182.679993,182.679993,170900
2020-10-05,185.000000,193.585007,184.134995,191.259995,191.259995,424900
2020-10-06,193.000000,193.464996,188.089996,189.669998,189.669998,248400
2020-10-07,191.750000,195.759995,187.259995,194.860001,194.860001,151200
2020-10-08,195.820007,197.500000,190.164993,191.210007,191.210007,150300
2020-10-09,193.000000,195.910004,193.000000,195.820007,195.820007,101600
2020-10-12,199.460007,199.460007,195.470001,197.119995,197.119995,94800
2020-10-13,196.699997,200.794998,194.240005,199.380005,199.380005,94400
2020-10-14,201.029999,201.029999,196.589996,197.830002,197.830002,125300
2020-10-15,193.389999,199.660004,192.720001,198.850006,198.850006,130800
2020-10-16,199.309998,201.440002,197.199997,199.089996,199.089996,69400
2020-10-19,200.000000,201.149994,195.259995,195.929993,195.929993,137600
2020-10-20,197.029999,197.869995,194.509995,194.960007,194.960007,105900
2020-10-21,195.229996,198.240005,192.259995,193.910004,193.910004,155100
2020-10-22,194.000000,194.369995,187.714996,192.000000,192.000000,162700
2020-10-23,192.000000,198.070007,190.539993,197.070007,197.070007,149700
2020-10-26,194.550003,197.513000,186.880005,187.039993,187.039993,179400
2020-10-27,188.529999,191.682999,184.919998,186.279999,186.279999,164000
2020-10-28,182.509995,183.160004,178.169998,179.589996,179.589996,176900
2020-10-29,179.660004,181.899994,175.524994,180.500000,180.500000,121200
2020-10-30,179.130005,181.990005,176.669998,180.610001,180.610001,201000
2020-11-02,182.889999,186.940002,177.184998,179.369995,179.369995,249800
2020-11-03,181.490005,184.824997,178.595001,181.139999,181.139999,127400
2020-11-04,185.550003,194.535004,185.550003,192.199997,192.199997,200600
2020-11-05,198.389999,209.664993,197.945007,208.880005,208.880005,294100
2020-11-06,207.339996,209.729996,202.906006,209.149994,209.149994,127400
2020-11-09,210.000000,210.880005,201.589996,202.289993,202.289993,296300
2020-11-10,199.910004,199.910004,184.839996,190.240005,190.240005,342300
2020-11-11,193.000000,195.770004,184.750000,186.729996,186.729996,370700
2020-11-12,185.369995,188.119995,183.479996,184.770004,184.770004,356900
2020-11-13,186.149994,194.475006,186.149994,187.479996,187.479996,299900
2020-11-16,188.000000,188.199997,183.449997,185.330002,185.330002,212600
2020-11-17,186.000000,187.619995,181.679993,182.910004,182.910004,349000
2020-11-18,184.710007,185.500000,180.289993,181.910004,181.910004,172900
2020-11-19,182.190002,189.440002,180.050003,187.630005,187.630005,159400
2020-11-20,187.949997,191.259995,185.000000,188.389999,188.389999,182400
2020-11-23,190.350006,192.764999,186.320007,189.139999,189.139999,109000
2020-11-24,188.740005,190.320007,180.880005,181.309998,181.309998,174800
2020-11-25,182.399994,183.981995,176.199997,178.740005,178.740005,209800
2020-11-27,181.419998,187.880005,178.860001,187.479996,187.479996,133400
2020-11-30,186.820007,188.990005,179.220001,188.679993,188.679993,458400
2020-12-01,190.009995,191.690002,185.059998,189.529999,189.529999,179700
2020-12-02,188.210007,188.210007,182.130005,185.220001,185.220001,275100
2020-12-03,184.619995,189.190002,182.889999,183.669998,183.669998,208000
2020-12-04,182.429993,183.690002,178.449997,182.529999,182.529999,248900
2020-12-07,182.500000,183.615005,173.404999,176.399994,176.399994,330500
2020-12-08,177.059998,181.705002,175.419998,181.490005,181.490005,234400
2020-12-09,180.460007,181.970001,175.735001,177.000000,177.000000,185300
2020-12-10,176.039993,179.789993,173.337997,178.229996,178.229996,150800
2020-12-11,177.940002,180.919998,176.940002,180.600006,180.600006,146200
2020-12-14,181.830002,190.800003,181.710007,189.539993,189.539993,303400
2020-12-15,192.110001,195.820007,190.615005,194.830002,194.830002,211600
2020-12-16,195.919998,199.263000,193.100006,199.029999,199.029999,190600
2020-12-17,201.570007,210.419998,200.000000,207.779999,207.779999,303200
2020-12-18,209.149994,213.470001,206.880005,213.350006,213.350006,409900
2020-12-21,210.000000,217.889999,206.490005,216.490005,216.490005,286400
2020-12-22,216.500000,223.259995,213.990005,222.699997,222.699997,204300
2020-12-23,222.660004,223.070007,215.660004,221.429993,221.429993,175400
2020-12-24,222.460007,222.460007,216.274994,218.669998,218.669998,51800
2020-12-28,221.809998,222.029999,213.050003,216.800003,216.800003,117000
2020-12-29,217.960007,220.110001,213.279999,214.860001,214.860001,117300
2020-12-30,216.440002,220.949997,216.229996,217.880005,217.880005,138100
2020-12-31,218.589996,219.220001,214.960007,217.610001,217.610001,89800
2021-01-04,219.860001,219.860001,206.800003,210.320007,210.320007,175000
2021-01-05,210.080002,216.304993,208.891998,214.929993,214.929993,158200
2021-01-06,211.839996,214.358002,202.520004,203.470001,203.470001,229400
2021-01-07,204.690002,218.369995,204.690002,217.759995,217.759995,205300
2021-01-08,217.539993,230.470001,217.539993,230.000000,230.000000,237900
2021-01-11,223.000000,228.679993,220.169998,222.139999,222.139999,231700
2021-01-12,220.509995,220.891006,216.320007,217.600006,217.600006,120500
2021-01-13,218.440002,219.550003,212.289993,212.669998,212.669998,126200
2021-01-14,209.610001,212.740005,207.770004,209.440002,209.440002,348800
2021-01-15,209.250000,212.669998,207.309998,208.820007,208.820007,123100
2021-01-19,212.619995,214.839996,210.389999,212.990005,212.990005,246700
2021-01-20,214.970001,215.800003,209.990005,210.199997,210.199997,151700
2021-01-21,212.339996,212.339996,206.619995,207.029999,207.029999,206800
2021-01-22,207.029999,207.759995,201.860001,207.119995,207.119995,222200
2021-01-25,211.250000,214.490005,198.809998,207.339996,207.339996,306300
2021-01-26,208.050003,208.110001,199.000000,200.220001,200.220001,170100
2021-01-27,198.000000,200.300003,188.669998,194.699997,194.699997,189400
2021-01-28,197.000000,202.440002,190.800003,200.419998,200.419998,135700
2021-01-29,200.000000,200.990005,191.139999,192.000000,192.000000,226100
2021-02-01,195.000000,203.070007,195.000000,199.580002,199.580002,193500
2021-02-02,201.960007,208.550003,201.309998,207.009995,207.009995,124900
2021-02-03,208.559998,210.119995,204.789993,207.789993,207.789993,178700
2021-02-04,209.720001,211.759995,207.149994,211.500000,211.500000,75300
2021-02-05,212.490005,215.737000,212.199997,215.509995,215.509995,96400
2021-02-08,215.600006,219.259995,215.419998,218.339996,218.339996,115900
2021-02-09,217.350006,223.220001,216.330002,222.660004,222.660004,165500
2021-02-10,224.970001,224.990005,218.380005,220.160004,220.160004,119300
2021-02-11,222.500000,225.634995,220.669998,222.699997,222.699997,167400
2021-02-12,223.169998,226.964996,221.720001,224.100006,224.100006,190500
2021-02-16,225.000000,227.671005,222.479996,223.830002,223.830002,175800
2021-02-17,219.770004,220.729996,213.440002,218.910004,218.910004,138800
2021-02-18,214.910004,219.779999,214.059998,219.419998,219.419998,179900
2021-02-19,226.080002,244.720001,222.000000,229.660004,229.660004,441900
2021-02-22,224.570007,224.570007,210.899994,214.639999,214.639999,360500
2021-02-23,206.639999,213.210007,198.427002,213.009995,213.009995,266000
2021-02-24,209.259995,222.839996,207.304001,222.570007,222.570007,241400
2021-02-25,220.009995,222.300003,213.500000,213.750000,213.750000,370500
2021-02-26,214.919998,216.910004,208.794998,214.720001,214.720001,232000
2021-03-01,220.009995,234.970001,219.990005,232.110001,232.110001,240300
2021-03-02,232.960007,235.690002,228.529999,231.350006,231.350006,269900
2021-03-03,230.199997,232.000000,215.770004,219.330002,219.330002,149600
2021-03-04,215.410004,219.179993,203.039993,208.550003,208.550003,284100
2021-03-05,212.529999,212.529999,193.125000,200.610001,200.610001,376000
2021-03-08,199.919998,201.014999,191.919998,192.380005,192.380005,320700
2021-03-09,200.009995,213.619995,199.869995,206.770004,206.770004,242800
2021-03-10,212.289993,213.520004,203.330002,204.240005,204.240005,194700
2021-03-11,210.160004,218.929993,209.529999,218.210007,218.210007,102900
2021-03-12,215.009995,216.850006,209.449997,210.839996,210.839996,110200
2021-03-15,210.529999,214.320007,207.770004,213.580002,213.580002,149200
2021-03-16,216.940002,223.490005,216.869995,221.570007,221.570007,202200
2021-03-17,218.119995,220.570007,213.460007,218.750000,218.750000,185100
2021-03-18,214.339996,215.690002,207.350006,207.779999,207.779999,151300
2021-03-19,208.889999,216.630005,205.630005,213.270004,213.270004,175100
2021-03-22,214.080002,218.850006,211.240005,215.990005,215.990005,86800
2021-03-23,214.889999,216.979996,212.244995,215.029999,215.029999,122700
2021-03-24,217.600006,217.600006,208.539993,208.979996,208.979996,138700
2021-03-25,205.210007,205.210007,198.020004,202.720001,202.720001,181500
2021-03-26,202.610001,210.000000,201.600006,209.000000,209.000000,194900
2021-03-29,208.449997,208.449997,192.589996,194.729996,194.729996,368200
2021-03-30,193.759995,201.330002,193.759995,199.119995,199.119995,179500
2021-03-31,202.250000,210.000000,201.632996,207.610001,207.610001,168000
2021-04-01,211.929993,214.070007,206.190002,210.070007,210.070007,124900
2021-04-05,211.570007,214.600006,208.570007,213.479996,213.479996,116700
2021-04-06,212.949997,219.653000,208.520004,217.520004,217.520004,262900
2021-04-07,216.580002,216.580002,207.578003,211.289993,211.289993,215000
2021-04-08,214.589996,220.690002,212.434998,220.690002,220.690002,158400
2021-04-09,217.460007,221.779999,214.199997,221.020004,221.020004,123200
2021-04-12,220.429993,220.750000,213.690002,220.270004,220.270004,116000
2021-04-13,222.039993,227.130005,220.110001,226.050003,226.050003,156000
2021-04-14,225.970001,228.539993,220.160004,224.660004,224.660004,156000
2021-04-15,227.190002,227.190002,223.789993,226.750000,226.750000,148500
2021-04-16,227.059998,227.089996,223.345001,226.330002,226.330002,147800
2021-04-19,225.839996,226.330002,220.244995,223.610001,223.610001,183300
2021-04-20,224.460007,227.940002,220.899994,227.289993,227.289993,151600
2021-04-21,225.610001,229.729996,225.110001,228.529999,228.529999,92200
2021-04-22,228.190002,230.916000,226.520004,228.130005,228.130005,84500
2021-04-23,229.770004,231.779999,228.179993,231.589996,231.589996,144000
2021-04-26,232.000000,238.500000,231.750000,238.029999,238.029999,167900
2021-04-27,238.589996,240.940002,236.539993,239.539993,239.539993,144100
2021-04-28,239.789993,240.115005,233.850006,234.000000,234.000000,126400
2021-04-29,235.470001,236.378006,229.229996,233.800003,233.800003,147800
2021-04-30,231.050003,236.889999,229.000000,229.179993,229.179993,139100
2021-05-03,231.869995,232.039993,221.880005,223.240005,223.240005,190100
2021-05-04,220.630005,220.630005,214.089996,216.630005,216.630005,117900
2021-05-05,219.490005,222.399994,215.240005,216.009995,216.009995,83400
2021-05-06,215.169998,215.416000,208.710007,212.639999,212.639999,163400
2021-05-07,215.199997,221.330002,215.199997,217.880005,217.880005,135200
2021-05-10,216.949997,216.949997,211.300003,213.500000,213.500000,239900
2021-05-11,207.009995,213.919998,205.080002,213.070007,213.070007,195300
2021-05-12,209.229996,210.130005,203.660004,205.320007,205.320007,169000
2021-05-13,208.320007,210.000000,202.580002,204.529999,204.529999,272100
2021-05-14,220.000000,224.690002,214.289993,214.960007,214.960007,648900
2021-05-17,213.419998,214.009995,206.744995,212.580002,212.580002,227200
2021-05-18,213.729996,219.307999,213.039993,216.520004,216.520004,211400
2021-05-19,210.229996,217.539993,209.009995,217.389999,217.389999,158700
2021-05-20,218.500000,221.949997,217.380005,218.490005,218.490005,206400
2021-05-21,219.660004,220.089996,212.100006,213.839996,213.839996,252500
2021-05-24,214.940002,218.529999,214.130005,217.309998,217.309998,128900
2021-05-25,212.009995,216.475006,209.809998,215.960007,215.960007,443000
2021-05-26,223.990005,229.889999,217.419998,218.380005,218.380005,774700
2021-05-27,216.940002,219.740005,210.960007,217.220001,217.220001,359300
2021-05-28,217.580002,220.399994,215.070007,217.869995,217.869995,196700
2021-06-01,218.470001,219.770004,212.570007,213.570007,213.570007,220100
2021-06-02,213.330002,215.065002,211.119995,212.440002,212.440002,377100
2021-06-03,211.000000,211.699997,207.220001,208.279999,208.279999,273800
2021-06-04,209.639999,213.679993,209.000000,213.339996,213.339996,228300
2021-06-07,213.600006,214.164993,211.009995,213.699997,213.699997,140900
2021-06-08,215.000000,217.449997,211.029999,211.360001,211.360001,137100
2021-06-09,212.110001,213.544998,208.759995,208.869995,208.869995,121700
2021-06-10,207.649994,214.009995,207.500000,213.710007,213.710007,156800
2021-06-11,213.259995,218.089996,213.259995,218.080002,218.080002,139000